Buy,2821164326019680662196455112,1.098837091E-9,0
Buy,2372080680206854877181630046,1.306869545E-9,0
TransferIn,1530797449956590290144587710,0,0
Sell,1147370000000000000000000000,1.282204899E-9,0
Sell,557600000183125829522672868,1.760688367E-9,0
Sell,1019000000000000000000000000,3.984020447E-9,0
Sell,500000000000000000000000000,6.51706849E-9,0
Sell,725000000000000000000000000,5.73993041E-9,0
Sell,225000000000000000000000000,5.538458514E-9,0
Sell,228343009000000000000000000,8.586545762E-9,0
Sell,321000000000000000000000000,7.479392251E-9,0
TransferOut,500729447000000000000000000,0,0
Sell,500000000000000000000000000,6.717850339E-9,0
Sell,200000000000000000000000000,6.630210233E-9,0
Buy,353946511310523532512524185,8.475856956E-9,0
Buy,186602076660866801546924070,5.358997166E-9,0
Buy,257744218312494609027657774,7.371649352E-9,0
Buy,173911829063199338935767178,5.750040152E-9,0
Buy,86639845618617013116899074,5.771016747E-9,0
Buy,84189700572111989612228223,5.938968741E-9,0
Sell,343000000000000000000000000,4.793788303E-9,0
Sell,300000000000000000000000000,4.721375625E-9,0
Sell,300000000000000000000000000,4.323799867E-9,0
TransferOut,1000034181537813284752000504,0,0
Buy,625170755369537968536076349,3.199125971E-9,0
TransferIn,282152506656990005900440123,0,0
Sell,90732326202652797443651647,4.441824666E-9,0
